label Annual Traffic Deaths, USA, 1925-1984
range 1920 5000 1990 60000
left ticks 10000 30000 50000
bottom ticks 1930 1940 1950 1960 1970 1980

1925 20771
1930 31204
1935 34494
1940 32914
1945 26785
1946 31874
1947 31193
1948 30775
1949 30246
1950 33186
1951 35309
1952 36088
1953 36190
1954 33890
1955 36688
1956 37965
1957 36932
1958 35331
1959 36223
1960 36399
1961 36285
1962 38980
1963 41723
1964 45645
1965 47089
1966 50894
1967 50724
1968 52725
1969 53543
1970 52627
1971 52542
1972 54589
1973 54052
1974 45196
1975 44525
1976 45523
1977 47878
1978 50331
1979 51093
1980 51091
1981 49301
1982 43945
1983 42589
1984 44257
